# CIX file for ctqmc! 
# cluster_size, number of states, number of baths, maximum_matrix_size
1 1024 10 1
# baths, dimension, symmetry
0    1 0    0
1    1 1    1
2    1 2    2
3    1 3    3
4    1 4    4
5    1 0    0
6    1 1    1
7    1 2    2
8    1 3    3
9    1 4    4
# cluster energies for non-equivalent baths, eps[k]
        0.000        -0.018         0.222        -0.502         0.107 

#     N  K  Sz    size
  1   0  0  0.000  1    2   3   4   5   6   7   8   9  10  11     0.00000000  0.0  # 00000
  2   1  0  1.000  1    0  12  13  15  18  22  27  33  40  48     0.00000000  0.0  # u0000
  3   1  0  1.000  1   12   0  14  16  19  23  28  34  41  49    -0.01793117  0.0  # 0u000
  4   1  0  1.000  1   13  14   0  17  20  24  29  35  42  50     0.22152434  0.0  # 00u00
  5   1  0  1.000  1   15  16  17   0  21  25  30  36  43  51    -0.50201634  0.0  # 000u0
  6   1  0  1.000  1   18  19  20  21   0  26  31  37  44  52     0.10687220  0.0  # 0000u
  7   1  0 -1.000  1   22  23  24  25  26   0  32  38  45  53     0.00000000  0.0  # d0000
  8   1  0 -1.000  1   27  28  29  30  31  32   0  39  46  54    -0.01793117  0.0  # 0d000
  9   1  0 -1.000  1   33  34  35  36  37  38  39   0  47  55     0.22152434  0.0  # 00d00
 10   1  0 -1.000  1   40  41  42  43  44  45  46  47   0  56    -0.50201634  0.0  # 000d0
 11   1  0 -1.000  1   48  49  50  51  52  53  54  55  56   0     0.10687220  0.0  # 0000d
 12   2  0  2.000  1    0   0  57  58  61  67  77  92 113 141    -1.38276641  0.0  # uu000
 13   2  0  2.000  1    0  57   0  59  62  68  78  93 114 142    -0.21364052  0.0  # u0u00
 14   2  0  2.000  1   57   0   0  60  63  69  79  94 115 143    -0.85135197  0.0  # 0uu00
 15   2  0  2.000  1    0  58  59   0  64  70  80  95 116 144    -0.93718120  0.0  # u00u0
 16   2  0  2.000  1   58   0  60   0  65  71  81  96 117 145    -1.57489265  0.0  # 0u0u0
 17   2  0  2.000  1   59  60   0   0  66  72  82  97 118 146    -1.33543714  0.0  # 00uu0
 18   2  0  2.000  1    0  61  62  64   0  73  83  98 119 147    -1.25796304  0.0  # u000u
 19   2  0  2.000  1   61   0  63  65   0  74  84  99 120 148    -0.03633370  0.0  # 0u00u
 20   2  0  2.000  1   62  63   0  66   0  75  85 100 121 149    -0.72654860  0.0  # 00u0u
 21   2  0  2.000  1   64  65  66   0   0  76  86 101 122 150    -1.45008928  0.0  # 000uu
 22   2  0  0.000  1    0  67  68  70  73   0  87 102 123 151     1.02857146  0.0  # 20000
 23   2  0  0.000  1   67   0  69  71  74   0  88 103 124 152    -0.58496417  0.0  # du000
 24   2  0  0.000  1   68  69   0  72  75   0  89 104 125 153     0.27427159  0.0  # d0u00
 25   2  0  0.000  1   70  71  72   0  76   0  90 105 126 154    -0.44926909  0.0  # d00u0
 26   2  0  0.000  1   73  74  75  76   0   0  91 106 127 155    -0.46016080  0.0  # d000u
 27   2  0  0.000  1    0  77  78  80  83  87   0 107 128 156    -0.58496417  0.0  # ud000
 28   2  0  0.000  1   77   0  79  81  84  88   0 108 129 157     0.99270917  0.0  # 02000
 29   2  0  0.000  1   78  79   0  82  85  89   0 109 130 158    -0.15684642  0.0  # 0du00
 30   2  0  0.000  1   80  81  82   0  86  90   0 110 131 159    -0.88038710  0.0  # 0d0u0
 31   2  0  0.000  1   83  84  85  86   0  91   0 111 132 160     0.34828171  0.0  # 0d00u
 32   2  0 -2.000  1   87  88  89  90  91   0   0 112 133 161    -1.38276641  0.0  # dd000
 33   2  0  0.000  1    0  92  93  95  98 102 107   0 134 162     0.27427159  0.0  # u0d00
 34   2  0  0.000  1   92   0  94  96  99 103 108   0 135 163    -0.15684642  0.0  # 0ud00
 35   2  0  0.000  1   93  94   0  97 100 104 109   0 136 164     1.47162019  0.0  # 00200
 36   2  0  0.000  1   95  96  97   0 101 105 110   0 137 165    -0.64093159  0.0  # 00du0
 37   2  0  0.000  1   98  99 100 101   0 106 111   0 138 166    -0.03204305  0.0  # 00d0u
 38   2  0 -2.000  1  102 103 104 105 106   0 112   0 139 167    -0.21364052  0.0  # d0d00
 39   2  0 -2.000  1  107 108 109 110 111 112   0   0 140 168    -0.85135197  0.0  # 0dd00
 40   2  0  0.000  1    0 113 114 116 119 123 128 134   0 169    -0.44926909  0.0  # u00d0
 41   2  0  0.000  1  113   0 115 117 120 124 129 135   0 170    -0.88038710  0.0  # 0u0d0
 42   2  0  0.000  1  114 115   0 118 121 125 130 136   0 171    -0.64093159  0.0  # 00ud0
 43   2  0  0.000  1  116 117 118   0 122 126 131 137   0 172     0.02453882  0.0  # 00020
 44   2  0  0.000  1  119 120 121 122   0 127 132 138   0 173    -0.75558373  0.0  # 000du
 45   2  0 -2.000  1  123 124 125 126 127   0 133 139   0 174    -0.93718120  0.0  # d00d0
 46   2  0 -2.000  1  128 129 130 131 132 133   0 140   0 175    -1.57489265  0.0  # 0d0d0
 47   2  0 -2.000  1  134 135 136 137 138 139 140   0   0 176    -1.33543714  0.0  # 00dd0
 48   2  0  0.000  1    0 141 142 144 147 151 156 162 169   0    -0.46016080  0.0  # u000d
 49   2  0  0.000  1  141   0 143 145 148 152 157 163 170   0     0.34828171  0.0  # 0u00d
 50   2  0  0.000  1  142 143   0 146 149 153 158 164 171   0    -0.03204305  0.0  # 00u0d
 51   2  0  0.000  1  144 145 146   0 150 154 159 165 172   0    -0.75558373  0.0  # 000ud
 52   2  0  0.000  1  147 148 149 150   0 155 160 166 173   0     1.24231591  0.0  # 00002
 53   2  0 -2.000  1  151 152 153 154 155   0 161 167 174   0    -1.25796304  0.0  # d000d
 54   2  0 -2.000  1  156 157 158 159 160 161   0 168 175   0    -0.03633370  0.0  # 0d00d
 55   2  0 -2.000  1  162 163 164 165 166 167 168   0 176   0    -0.72654860  0.0  # 00d0d
 56   2  0 -2.000  1  169 170 171 172 173 174 175 176   0   0    -1.45008928  0.0  # 000dd
 57   3  0  3.000  1    0   0   0 177 178 182 192 212 247 303    -2.65135206  0.0  # uuu00
 58   3  0  3.000  1    0   0 177   0 179 183 193 213 248 304    -3.37489275  0.0  # uu0u0
 59   3  0  3.000  1    0 177   0   0 180 184 194 214 249 305    -2.20576686  0.0  # u0uu0
 60   3  0  3.000  1  177   0   0   0 181 185 195 215 250 306    -3.46325859  0.0  # 0uuu0
 61   3  0  3.000  1    0   0 178 179   0 186 196 216 251 307    -2.76600418  0.0  # uu00u
 62   3  0  3.000  1    0 178   0 180   0 187 197 217 252 308    -2.52654869  0.0  # u0u0u
 63   3  0  3.000  1  178   0   0 181   0 188 198 218 253 309    -1.92469964  0.0  # 0uu0u
 64   3  0  3.000  1    0 179 180   0   0 189 199 219 254 310    -3.25008938  0.0  # u00uu
 65   3  0  3.000  1  179   0 181   0   0 190 200 220 255 311    -2.64824032  0.0  # 0u0uu
 66   3  0  3.000  1  180 181   0   0   0 191 201 221 256 312    -3.33845522  0.0  # 00uuu
 67   3  0  1.000  1    0   0 182 183 186   0 202 222 257 313    -0.92122795  0.0  # 2u000
 68   3  0  1.000  1    0 182   0 184 187   0 203 223 258 314     0.86767819  0.0  # 20u00
 69   3  0  1.000  1  182   0   0 185 188   0 204 224 259 315    -1.36563771  0.0  # duu00
 70   3  0  1.000  1    0 183 184   0 189   0 205 225 260 316     0.14413751  0.0  # 200u0
 71   3  0  1.000  1  183   0 185   0 190   0 206 226 261 317    -2.08917839  0.0  # du0u0
 72   3  0  1.000  1  184 185   0   0 191   0 207 227 262 318    -1.22994263  0.0  # d0uu0
 73   3  0  1.000  1    0 186 187 189   0   0 208 228 263 319    -0.79642458  0.0  # 2000u
 74   3  0  1.000  1  186   0 188 190   0   0 209 229 264 320    -1.17039970  0.0  # du00u
 75   3  0  1.000  1  187 188   0 191   0   0 210 230 265 321    -1.24083434  0.0  # d0u0u
 76   3  0  1.000  1  189 190 191   0   0   0 211 231 266 322    -1.96437502  0.0  # d00uu
 77   3  0  1.000  1    0   0 192 193 196 202   0 232 267 323    -0.93915906  0.0  # u2000
 78   3  0  1.000  1    0 192   0 194 197 203   0 233 268 324    -1.15904427  0.0  # udu00
 79   3  0  1.000  1  192   0   0 195 198 204   0 234 269 325    -0.20115122  0.0  # 02u00
 80   3  0  1.000  1    0 193 194   0 199 205   0 235 270 326    -1.88258496  0.0  # ud0u0
 81   3  0  1.000  1  193   0 195   0 200 206   0 236 271 327    -0.92469190  0.0  # 020u0
 82   3  0  1.000  1  194 195   0   0 201 207   0 237 272 328    -2.07424749  0.0  # 0duu0
 83   3  0  1.000  1    0 196 197 199   0 208   0 238 273 329    -1.58358652  0.0  # ud00u
 84   3  0  1.000  1  196   0 198 200   0 209   0 239 274 330     1.23364732  0.0  # 0200u
 85   3  0  1.000  1  197 198   0 201   0 210   0 240 275 331    -0.84557868  0.0  # 0du0u
 86   3  0  1.000  1  199 200 201   0   0 211   0 241 276 332    -1.56911936  0.0  # 0d0uu
 87   3  0 -1.000  1    0 202 203 205 208   0   0 242 277 333    -0.92122795  0.0  # 2d000
 88   3  0 -1.000  1  202   0 204 206 209   0   0 243 278 334    -0.93915906  0.0  # d2000
 89   3  0 -1.000  1  203 204   0 207 210   0   0 244 279 335    -1.46893440  0.0  # ddu00
 90   3  0 -1.000  1  205 206 207   0 211   0   0 245 280 336    -2.19247508  0.0  # dd0u0
 91   3  0 -1.000  1  208 209 210 211   0   0   0 246 281 337    -1.58358652  0.0  # dd00u
 92   3  0  1.000  1    0   0 212 213 216 222 232   0 282 338    -1.46893440  0.0  # uud00
 93   3  0  1.000  1    0 212   0 214 217 223 233   0 283 339     1.08920258  0.0  # u0200
 94   3  0  1.000  1  212   0   0 215 218 224 234   0 284 340     0.03830429  0.0  # 0u200
 95   3  0  1.000  1    0 213 214   0 219 225 235   0 285 341    -1.02334920  0.0  # u0du0
 96   3  0  1.000  1  213   0 215   0 220 226 236   0 286 342    -2.07424749  0.0  # 0udu0
 97   3  0  1.000  1  214 215   0   0 221 227 237   0 287 343    -0.44578088  0.0  # 002u0
 98   3  0  1.000  1    0 216 217 219   0 228 238   0 288 344    -1.34413103  0.0  # u0d0u
 99   3  0  1.000  1  216   0 218 220   0 229 239   0 289 345    -0.53568854  0.0  # 0ud0u
100   3  0  1.000  1  217 218   0 221   0 230 240   0 290 346     0.16310766  0.0  # 0020u
101   3  0  1.000  1  219 220 221   0   0 231 241   0 291 347    -1.94944412  0.0  # 00duu
102   3  0 -1.000  1    0 222 223 225 228   0 242   0 292 348     0.86767819  0.0  # 20d00
103   3  0 -1.000  1  222   0 224 226 229   0 243   0 293 349    -1.15904427  0.0  # dud00
104   3  0 -1.000  1  223 224   0 227 230   0 244   0 294 350     1.08920258  0.0  # d0200
105   3  0 -1.000  1  225 226 227   0 231   0 245   0 295 351    -1.02334920  0.0  # d0du0
106   3  0 -1.000  1  228 229 230 231   0   0 246   0 296 352    -1.03424090  0.0  # d0d0u
107   3  0 -1.000  1    0 232 233 235 238 242   0   0 297 353    -1.36563771  0.0  # udd00
108   3  0 -1.000  1  232   0 234 236 239 243   0   0 298 354    -0.20115122  0.0  # 02d00
109   3  0 -1.000  1  233 234   0 237 240 244   0   0 299 355     0.03830429  0.0  # 0d200
110   3  0 -1.000  1  235 236 237   0 241 245   0   0 300 356    -2.07424749  0.0  # 0ddu0
111   3  0 -1.000  1  238 239 240 241   0 246   0   0 301 357    -0.84557868  0.0  # 0dd0u
112   3  0 -3.000  1  242 243 244 245 246   0   0   0 302 358    -2.65135206  0.0  # ddd00
113   3  0  1.000  1    0   0 247 248 251 257 267 282   0 359    -2.19247508  0.0  # uu0d0
114   3  0  1.000  1    0 247   0 249 252 258 268 283   0 360    -1.02334920  0.0  # u0ud0
115   3  0  1.000  1  247   0   0 250 253 259 269 284   0 361    -2.07424749  0.0  # 0uud0
116   3  0  1.000  1    0 248 249   0 254 260 270 285   0 362    -0.35787878  0.0  # u0020
117   3  0  1.000  1  248   0 250   0 255 261 271 286   0 363    -1.40877707  0.0  # 0u020
118   3  0  1.000  1  249 250   0   0 256 262 272 287   0 364    -1.16932157  0.0  # 00u20
119   3  0  1.000  1    0 251 252 254   0 263 273 288   0 365    -2.06767171  0.0  # u00du
120   3  0  1.000  1  251   0 253 255   0 264 274 289   0 366    -1.25922922  0.0  # 0u0du
121   3  0  1.000  1  252 253   0 256   0 265 275 290   0 367    -1.94944412  0.0  # 00udu
122   3  0  1.000  1  254 255 256   0   0 266 276 291   0 368    -1.28397371  0.0  # 0002u
123   3  0 -1.000  1    0 257 258 260 263   0 277 292   0 369     0.14413751  0.0  # 200d0
124   3  0 -1.000  1  257   0 259 261 264   0 278 293   0 370    -1.88258496  0.0  # du0d0
125   3  0 -1.000  1  258 259   0 262 265   0 279 294   0 371    -1.02334920  0.0  # d0ud0
126   3  0 -1.000  1  260 261 262   0 266   0 280 295   0 372    -0.35787878  0.0  # d0020
127   3  0 -1.000  1  263 264 265 266   0   0 281 296   0 373    -1.75778159  0.0  # d00du
128   3  0 -1.000  1    0 267 268 270 273 277   0 297   0 374    -2.08917839  0.0  # ud0d0
129   3  0 -1.000  1  267   0 269 271 274 278   0 298   0 375    -0.92469190  0.0  # 020d0
130   3  0 -1.000  1  268 269   0 272 275 279   0 299   0 376    -2.07424749  0.0  # 0dud0
131   3  0 -1.000  1  270 271 272   0 276 280   0 300   0 377    -1.40877707  0.0  # 0d020
132   3  0 -1.000  1  273 274 275 276   0 281   0 301   0 378    -1.56911936  0.0  # 0d0du
133   3  0 -3.000  1  277 278 279 280 281   0   0 302   0 379    -3.37489275  0.0  # dd0d0
134   3  0 -1.000  1    0 282 283 285 288 292 297   0   0 380    -1.22994263  0.0  # u0dd0
135   3  0 -1.000  1  282   0 284 286 289 293 298   0   0 381    -2.07424749  0.0  # 0udd0
136   3  0 -1.000  1  283 284   0 287 290 294 299   0   0 382    -0.44578088  0.0  # 002d0
137   3  0 -1.000  1  285 286 287   0 291 295 300   0   0 383    -1.16932157  0.0  # 00d20
138   3  0 -1.000  1  288 289 290 291   0 296 301   0   0 384    -1.94944412  0.0  # 00ddu
139   3  0 -3.000  1  292 293 294 295 296   0 302   0   0 385    -2.20576686  0.0  # d0dd0
140   3  0 -3.000  1  297 298 299 300 301 302   0   0   0 386    -3.46325859  0.0  # 0ddd0
141   3  0  1.000  1    0   0 303 304 307 313 323 338 359   0    -1.58358652  0.0  # uu00d
142   3  0  1.000  1    0 303   0 305 308 314 324 339 360   0    -1.03424090  0.0  # u0u0d
143   3  0  1.000  1  303   0   0 306 309 315 325 340 361   0    -0.84557868  0.0  # 0uu0d
144   3  0  1.000  1    0 304 305   0 310 316 326 341 362   0    -1.75778159  0.0  # u00ud
145   3  0  1.000  1  304   0 306   0 311 317 327 342 363   0    -1.56911936  0.0  # 0u0ud
146   3  0  1.000  1  305 306   0   0 312 318 328 343 364   0    -1.94944412  0.0  # 00uud
147   3  0  1.000  1    0 307 308 310   0 319 329 344 365   0    -0.68955232  0.0  # u0002
148   3  0  1.000  1  307   0 309 311   0 320 330 345 366   0     1.35845068  0.0  # 0u002
149   3  0  1.000  1  308 309   0 312   0 321 331 346 367   0     0.04845552  0.0  # 00u02
150   3  0  1.000  1  310 311 312   0   0 322 332 347 368   0    -0.67508516  0.0  # 000u2
151   3  0 -1.000  1    0 313 314 316 319   0 333 348 369   0    -0.79642458  0.0  # 2000d
152   3  0 -1.000  1  313   0 315 317 320   0 334 349 370   0    -1.58358652  0.0  # du00d
153   3  0 -1.000  1  314 315   0 318 321   0 335 350 371   0    -1.34413103  0.0  # d0u0d
154   3  0 -1.000  1  316 317 318   0 322   0 336 351 372   0    -2.06767171  0.0  # d00ud
155   3  0 -1.000  1  319 320 321 322   0   0 337 352 373   0    -0.68955232  0.0  # d0002
156   3  0 -1.000  1    0 323 324 326 329 333   0 353 374   0    -1.17039970  0.0  # ud00d
157   3  0 -1.000  1  323   0 325 327 330 334   0 354 375   0     1.23364732  0.0  # 0200d
158   3  0 -1.000  1  324 325   0 328 331 335   0 355 376   0    -0.53568854  0.0  # 0du0d
159   3  0 -1.000  1  326 327 328   0 332 336   0 356 377   0    -1.25922922  0.0  # 0d0ud
160   3  0 -1.000  1  329 330 331 332   0 337   0 357 378   0     1.35845068  0.0  # 0d002
161   3  0 -3.000  1  333 334 335 336 337   0   0 358 379   0    -2.76600418  0.0  # dd00d
162   3  0 -1.000  1    0 338 339 341 344 348 353   0 380   0    -1.24083434  0.0  # u0d0d
163   3  0 -1.000  1  338   0 340 342 345 349 354   0 381   0    -0.84557868  0.0  # 0ud0d
164   3  0 -1.000  1  339 340   0 343 346 350 355   0 382   0     0.16310766  0.0  # 0020d
165   3  0 -1.000  1  341 342 343   0 347 351 356   0 383   0    -1.94944412  0.0  # 00dud
166   3  0 -1.000  1  344 345 346 347   0 352 357   0 384   0     0.04845552  0.0  # 00d02
167   3  0 -3.000  1  348 349 350 351 352   0 358   0 385   0    -2.52654869  0.0  # d0d0d
168   3  0 -3.000  1  353 354 355 356 357 358   0   0 386   0    -1.92469964  0.0  # 0dd0d
169   3  0 -1.000  1    0 359 360 362 365 369 374 380   0   0    -1.96437502  0.0  # u00dd
170   3  0 -1.000  1  359   0 361 363 366 370 375 381   0   0    -1.56911936  0.0  # 0u0dd
171   3  0 -1.000  1  360 361   0 364 367 371 376 382   0   0    -1.94944412  0.0  # 00udd
172   3  0 -1.000  1  362 363 364   0 368 372 377 383   0   0    -1.28397371  0.0  # 0002d
173   3  0 -1.000  1  365 366 367 368   0 373 378 384   0   0    -0.67508516  0.0  # 000d2
174   3  0 -3.000  1  369 370 371 372 373   0 379 385   0   0    -3.25008938  0.0  # d00dd
175   3  0 -3.000  1  374 375 376 377 378 379   0 386   0   0    -2.64824032  0.0  # 0d0dd
176   3  0 -3.000  1  380 381 382 383 384 385 386   0   0   0    -3.33845522  0.0  # 00ddd
177   4  0  4.000  1    0   0   0   0 387 388 393 408 443 513    -5.69842354  0.0  # uuuu0
178   4  0  4.000  1    0   0   0 387   0 389 394 409 444 514    -5.08953497  0.0  # uuu0u
179   4  0  4.000  1    0   0 387   0   0 390 395 410 445 515    -5.81307565  0.0  # uu0uu
180   4  0  4.000  1    0 387   0   0   0 391 396 411 446 516    -5.57362017  0.0  # u0uuu
181   4  0  4.000  1  387   0   0   0   0 392 397 412 447 517    -5.59155139  0.0  # 0uuuu
182   4  0  2.000  1    0   0   0 388 389   0 398 413 448 518    -2.13706635  0.0  # 2uu00
183   4  0  2.000  1    0   0 388   0 390   0 399 414 449 519    -2.86060703  0.0  # 2u0u0
184   4  0  2.000  1    0 388   0   0 391   0 400 415 450 520    -1.07170089  0.0  # 20uu0
185   4  0  2.000  1  388   0   0   0 392   0 401 416 451 521    -3.92479707  0.0  # duuu0
186   4  0  2.000  1    0   0 389 390   0   0 402 417 452 522    -2.87149871  0.0  # 2u00u
187   4  0  2.000  1    0 389   0 391   0   0 403 418 453 523    -2.01226298  0.0  # 20u0u
188   4  0  2.000  1  389   0   0 392   0   0 404 419 454 524    -3.00601838  0.0  # duu0u
189   4  0  2.000  1    0 390 391   0   0   0 405 420 455 525    -2.73580366  0.0  # 200uu
190   4  0  2.000  1  390   0 392   0   0   0 406 421 456 526    -3.72955906  0.0  # du0uu
191   4  0  2.000  1  391 392   0   0   0   0 407 422 457 527    -3.79999370  0.0  # d0uuu
192   4  0  2.000  1    0   0   0 393 394 398   0 423 458 528    -2.56818431  0.0  # u2u00
193   4  0  2.000  1    0   0 393   0 395 399   0 424 459 529    -3.29172499  0.0  # u20u0
194   4  0  2.000  1    0 393   0   0 396 400   0 425 460 530    -3.51161020  0.0  # uduu0
195   4  0  2.000  1  393   0   0   0 397 401   0 426 461 531    -3.17349742  0.0  # 02uu0
196   4  0  2.000  1    0   0 394 395   0 402   0 427 462 532    -2.06305615  0.0  # u200u
197   4  0  2.000  1    0 394   0 396   0 403   0 428 463 533    -3.21261177  0.0  # udu0u
198   4  0  2.000  1  394   0   0 397   0 404   0 429 464 534    -1.01515821  0.0  # 02u0u
199   4  0  2.000  1    0 395 396   0   0 405   0 430 465 535    -3.93615245  0.0  # ud0uu
200   4  0  2.000  1  395   0 397   0   0 406   0 431 466 536    -1.73869889  0.0  # 020uu
201   4  0  2.000  1  396 397   0   0   0 407   0 432 467 537    -3.81792488  0.0  # 0duuu
202   4  0  0.000  1    0   0 398 399 402   0   0 433 468 538    -1.84245584  0.0  # 22000
203   4  0  0.000  1    0 398   0 400 403   0   0 434 469 539    -1.44256080  0.0  # 2du00
204   4  0  0.000  1  398   0   0 401 404   0   0 435 470 540    -2.08027219  0.0  # d2u00
205   4  0  0.000  1    0 399 400   0 405   0   0 436 471 541    -2.16610148  0.0  # 2d0u0
206   4  0  0.000  1  399   0 401   0 406   0   0 437 472 542    -2.80381288  0.0  # d20u0
207   4  0  0.000  1  400 401   0   0 407   0   0 438 473 543    -3.33358821  0.0  # dduu0
208   4  0  0.000  1    0 402 403 405   0   0   0 439 474 544    -2.48688330  0.0  # 2d00u
209   4  0  0.000  1  402   0 404 406   0   0   0 440 475 545    -1.26525391  0.0  # d200u
210   4  0  0.000  1  403 404   0 407   0   0   0 441 476 546    -2.72469965  0.0  # ddu0u
211   4  0  0.000  1  405 406 407   0   0   0   0 442 477 547    -3.44824034  0.0  # dd0uu
212   4  0  2.000  1    0   0   0 408 409 413 423   0 478 548    -1.70894855  0.0  # uu200
213   4  0  2.000  1    0   0 408   0 410 414 424   0 479 549    -3.82150033  0.0  # uudu0
214   4  0  2.000  1    0 408   0   0 411 415 425   0 480 550    -1.26336334  0.0  # u02u0
215   4  0  2.000  1  408   0   0   0 412 416 426   0 481 551    -2.93404191  0.0  # 0u2u0
216   4  0  2.000  1    0   0 409 410   0 417 427   0 482 552    -3.21261176  0.0  # uud0u
217   4  0  2.000  1    0 409   0 411   0 418 428   0 483 553    -1.58414518  0.0  # u020u
218   4  0  2.000  1  409   0   0 412   0 419 429   0 484 554    -1.39548297  0.0  # 0u20u
219   4  0  2.000  1    0 410 411   0   0 420 430   0 485 555    -3.69669696  0.0  # u0duu
220   4  0  2.000  1  410   0 412   0   0 421 431   0 486 556    -3.50803475  0.0  # 0uduu
221   4  0  2.000  1  411 412   0   0   0 422 432   0 487 557    -2.80923855  0.0  # 002uu
222   4  0  0.000  1    0   0 413 414 417   0 433   0 488 558    -1.44256080  0.0  # 2ud00
223   4  0  0.000  1    0 413   0 415 418   0 434   0 489 559     1.73535644  0.0  # 20200
224   4  0  0.000  1  413   0   0 416 419   0 435   0 490 560    -0.91114631  0.0  # du200
225   4  0  0.000  1    0 414 415   0 420   0 436   0 491 561    -0.37719534  0.0  # 20du0
226   4  0  0.000  1  414   0 416   0 421   0 437   0 492 562    -3.02369809  0.0  # dudu0
227   4  0  0.000  1  415 416   0   0 422   0 438   0 493 563    -0.77545123  0.0  # d02u0
228   4  0  0.000  1    0 417 418 420   0   0 439   0 494 564    -1.31775743  0.0  # 20d0u
229   4  0  0.000  1  417   0 419 421   0   0 440   0 495 565    -2.10491939  0.0  # dud0u
230   4  0  0.000  1  418 419   0 422   0   0 441   0 496 566    -0.78634294  0.0  # d020u
231   4  0  0.000  1  420 421 422   0   0   0 442   0 497 567    -2.89889472  0.0  # d0duu
232   4  0  0.000  1    0   0 423 424 427 433   0   0 498 568    -2.08027219  0.0  # u2d00
233   4  0  0.000  1    0 423   0 425 428 434   0   0 499 569    -0.91114631  0.0  # ud200
234   4  0  0.000  1  423   0   0 426 429 435   0   0 500 570    -0.36644009  0.0  # 02200
235   4  0  0.000  1    0 424 425   0 430 436   0   0 501 571    -3.02369809  0.0  # uddu0
236   4  0  0.000  1  424   0 426   0 431 437   0   0 502 572    -2.47899187  0.0  # 02du0
237   4  0  0.000  1  425 426   0   0 432 438   0   0 503 573    -2.23953637  0.0  # 0d2u0
238   4  0  0.000  1    0 427 428 430   0 439   0   0 504 574    -2.72469965  0.0  # udd0u
239   4  0  0.000  1  427   0 429 431   0 440   0   0 505 575    -0.32065266  0.0  # 02d0u
240   4  0  0.000  1  428 429   0 432   0 441   0   0 506 576    -1.01086755  0.0  # 0d20u
241   4  0  0.000  1  430 431 432   0   0 442   0   0 507 577    -3.12341933  0.0  # 0dduu
242   4  0 -2.000  1    0 433 434 436 439   0   0   0 508 578    -2.13706635  0.0  # 2dd00
243   4  0 -2.000  1  433   0 435 437 440   0   0   0 509 579    -2.56818431  0.0  # d2d00
244   4  0 -2.000  1  434 435   0 438 441   0   0   0 510 580    -1.70894855  0.0  # dd200
245   4  0 -2.000  1  436 437 438   0 442   0   0   0 511 581    -3.82150033  0.0  # dddu0
246   4  0 -2.000  1  439 440 441 442   0   0   0   0 512 582    -3.21261177  0.0  # ddd0u
247   4  0  2.000  1    0   0   0 443 444 448 458 478   0 583    -3.82150033  0.0  # uuud0
248   4  0  2.000  1    0   0 443   0 445 449 459 479   0 584    -3.15602991  0.0  # uu020
249   4  0  2.000  1    0 443   0   0 446 450 460 480   0 585    -1.98690403  0.0  # u0u20
250   4  0  2.000  1  443   0   0   0 447 451 461 481   0 586    -3.65758260  0.0  # 0uu20
251   4  0  2.000  1    0   0 444 445   0 452 462 482   0 587    -3.93615244  0.0  # uu0du
252   4  0  2.000  1    0 444   0 446   0 453 463 483   0 588    -3.69669696  0.0  # u0udu
253   4  0  2.000  1  444   0   0 447   0 454 464 484   0 589    -3.50803475  0.0  # 0uudu
254   4  0  2.000  1    0 445 446   0   0 455 465 485   0 590    -3.03122655  0.0  # u002u
255   4  0  2.000  1  445   0 447   0   0 456 466 486   0 591    -2.84256434  0.0  # 0u02u
256   4  0  2.000  1  446 447   0   0   0 457 467 487   0 592    -3.53277923  0.0  # 00u2u
257   4  0  0.000  1    0   0 448 449 452   0 468 488   0 593    -2.16610148  0.0  # 2u0d0
258   4  0  0.000  1    0 448   0 450 453   0 469 489   0 594    -0.37719534  0.0  # 20ud0
259   4  0  0.000  1  448   0   0 451 454   0 470 490   0 595    -3.02369809  0.0  # duud0
260   4  0  0.000  1    0 449 450   0 455   0 471 491   0 596     0.28827507  0.0  # 20020
261   4  0  0.000  1  449   0 451   0 456   0 472 492   0 597    -2.35822767  0.0  # du020
262   4  0  0.000  1  450 451   0   0 457   0 473 493   0 598    -1.49899191  0.0  # d0u20
263   4  0  0.000  1    0 452 453 455   0   0 474 494   0 599    -2.04129811  0.0  # 200du
264   4  0  0.000  1  452   0 454 456   0   0 475 495   0 600    -2.82846008  0.0  # du0du
265   4  0  0.000  1  453 454   0 457   0   0 476 496   0 601    -2.89889472  0.0  # d0udu
266   4  0  0.000  1  455 456 457   0   0   0 477 497   0 602    -2.23342431  0.0  # d002u
267   4  0  0.000  1    0   0 458 459 462 468   0 498   0 603    -2.80381288  0.0  # u20d0
268   4  0  0.000  1    0 458   0 460 463 469   0 499   0 604    -3.02369809  0.0  # udud0
269   4  0  0.000  1  458   0   0 461 464 470   0 500   0 605    -2.47899187  0.0  # 02ud0
270   4  0  0.000  1    0 459 460   0 465 471   0 501   0 606    -2.35822767  0.0  # ud020
271   4  0  0.000  1  459   0 461   0 466 472   0 502   0 607    -1.81352146  0.0  # 02020
272   4  0  0.000  1  460 461   0   0 467 473   0 503   0 608    -2.96307705  0.0  # 0du20
273   4  0  0.000  1    0 462 463 465   0 474   0 504   0 609    -3.44824034  0.0  # ud0du
274   4  0  0.000  1  462   0 464 466   0 475   0 505   0 610    -1.04419334  0.0  # 020du
275   4  0  0.000  1  463 464   0 467   0 476   0 506   0 611    -3.12341933  0.0  # 0dudu
276   4  0  0.000  1  465 466 467   0   0 477   0 507   0 612    -2.45794892  0.0  # 0d02u
277   4  0 -2.000  1    0 468 469 471 474   0   0 508   0 613    -2.86060703  0.0  # 2d0d0
278   4  0 -2.000  1  468   0 470 472 475   0   0 509   0 614    -3.29172499  0.0  # d20d0
279   4  0 -2.000  1  469 470   0 473 476   0   0 510   0 615    -3.82150033  0.0  # ddud0
280   4  0 -2.000  1  471 472 473   0 477   0   0 511   0 616    -3.15602991  0.0  # dd020
281   4  0 -2.000  1  474 475 476 477   0   0   0 512   0 617    -3.93615245  0.0  # dd0du
282   4  0  0.000  1    0   0 478 479 482 488 498   0   0 618    -3.33358821  0.0  # uudd0
283   4  0  0.000  1    0 478   0 480 483 489 499   0   0 619    -0.77545123  0.0  # u02d0
284   4  0  0.000  1  478   0   0 481 484 490 500   0   0 620    -2.23953637  0.0  # 0u2d0
285   4  0  0.000  1    0 479 480   0 485 491 501   0   0 621    -1.49899191  0.0  # u0d20
286   4  0  0.000  1  479   0 481   0 486 492 502   0   0 622    -2.96307705  0.0  # 0ud20
287   4  0  0.000  1  480 481   0   0 487 493 503   0   0 623    -1.33461045  0.0  # 00220
288   4  0  0.000  1    0 482 483 485   0 494 504   0   0 624    -3.20878484  0.0  # u0ddu
289   4  0  0.000  1  482   0 484 486   0 495 505   0   0 625    -2.81352920  0.0  # 0uddu
290   4  0  0.000  1  483 484   0 487   0 496 506   0   0 626    -2.11473300  0.0  # 002du
291   4  0  0.000  1  485 486 487   0   0 497 507   0   0 627    -2.83827368  0.0  # 00d2u
292   4  0 -2.000  1    0 488 489 491 494   0 508   0   0 628    -1.07170089  0.0  # 20dd0
293   4  0 -2.000  1  488   0 490 492 495   0 509   0   0 629    -3.51161020  0.0  # dudd0
294   4  0 -2.000  1  489 490   0 493 496   0 510   0   0 630    -1.26336334  0.0  # d02d0
295   4  0 -2.000  1  491 492 493   0 497   0 511   0   0 631    -1.98690403  0.0  # d0d20
296   4  0 -2.000  1  494 495 496 497   0   0 512   0   0 632    -3.38680683  0.0  # d0ddu
297   4  0 -2.000  1    0 498 499 501 504 508   0   0   0 633    -3.92479707  0.0  # uddd0
298   4  0 -2.000  1  498   0 500 502 505 509   0   0   0 634    -3.17349742  0.0  # 02dd0
299   4  0 -2.000  1  499 500   0 503 506 510   0   0   0 635    -2.93404191  0.0  # 0d2d0
300   4  0 -2.000  1  501 502 503   0 507 511   0   0   0 636    -3.65758260  0.0  # 0dd20
301   4  0 -2.000  1  504 505 506 507   0 512   0   0   0 637    -3.81792488  0.0  # 0dddu
302   4  0 -4.000  1  508 509 510 511 512   0   0   0   0 638    -5.69842354  0.0  # dddd0
303   4  0  2.000  1    0   0   0 513 514 518 528 548 583   0    -3.21261177  0.0  # uuu0d
304   4  0  2.000  1    0   0 513   0 515 519 529 549 584   0    -3.93615245  0.0  # uu0ud
305   4  0  2.000  1    0 513   0   0 516 520 530 550 585   0    -3.38680683  0.0  # u0uud
306   4  0  2.000  1  513   0   0   0 517 521 531 551 586   0    -3.81792488  0.0  # 0uuud
307   4  0  2.000  1    0   0 514 515   0 522 532 552 587   0    -1.93825279  0.0  # uu002
308   4  0  2.000  1    0 514   0 516   0 523 533 553 588   0    -2.31857757  0.0  # u0u02
309   4  0  2.000  1  514   0   0 517   0 524 534 554 589   0    -0.89035484  0.0  # 0uu02
310   4  0  2.000  1    0 515 516   0   0 525 535 555 590   0    -3.04211825  0.0  # u00u2
311   4  0  2.000  1  515   0 517   0   0 526 536 556 591   0    -1.61389552  0.0  # 0u0u2
312   4  0  2.000  1  516 517   0   0   0 527 537 557 592   0    -2.92389068  0.0  # 00uu2
313   4  0  0.000  1    0   0 518 519 522   0 538 558 593   0    -2.48688330  0.0  # 2u00d
314   4  0  0.000  1    0 518   0 520 523   0 539 559 594   0    -1.31775743  0.0  # 20u0d
315   4  0  0.000  1  518   0   0 521 524   0 540 560 595   0    -2.72469965  0.0  # duu0d
316   4  0  0.000  1    0 519 520   0 525   0 541 561 596   0    -2.04129811  0.0  # 200ud
317   4  0  0.000  1  519   0 521   0 526   0 542 562 597   0    -3.44824034  0.0  # du0ud
318   4  0  0.000  1  520 521   0   0 527   0 543 563 598   0    -3.20878484  0.0  # d0uud
319   4  0  0.000  1    0 522 523 525   0   0 544 564 599   0    -1.59284910  0.0  # 20002
320   4  0  0.000  1  522   0 524 526   0   0 545 565 600   0    -1.14045055  0.0  # du002
321   4  0  0.000  1  523 524   0 527   0   0 546 566 601   0    -1.83066546  0.0  # d0u02
322   4  0  0.000  1  525 526 527   0   0   0 547 567 602   0    -2.55420614  0.0  # d00u2
323   4  0  0.000  1    0   0 528 529 532 538   0 568 603   0    -1.26525391  0.0  # u200d
324   4  0  0.000  1    0 528   0 530 533 539   0 569 604   0    -2.10491939  0.0  # udu0d
325   4  0  0.000  1  528   0   0 531 534 540   0 570 605   0    -0.32065266  0.0  # 02u0d
326   4  0  0.000  1    0 529 530   0 535 541   0 571 606   0    -2.82846008  0.0  # ud0ud
327   4  0  0.000  1  529   0 531   0 536 542   0 572 607   0    -1.04419334  0.0  # 020ud
328   4  0  0.000  1  530 531   0   0 537 543   0 573 608   0    -2.81352920  0.0  # 0duud
329   4  0  0.000  1    0 532 533 535   0 544   0 574 609   0    -1.14045055  0.0  # ud002
330   4  0  0.000  1  532   0 534 536   0 545   0 575 610   0     2.50315697  0.0  # 02002
331   4  0  0.000  1  533 534   0 537   0 546   0 576 611   0    -0.19584929  0.0  # 0du02
332   4  0  0.000  1  535 536 537   0   0 547   0 577 612   0    -0.91938997  0.0  # 0d0u2
333   4  0 -2.000  1    0 538 539 541 544   0   0 578 613   0    -2.87149871  0.0  # 2d00d
334   4  0 -2.000  1  538   0 540 542 545   0   0 579 614   0    -2.06305615  0.0  # d200d
335   4  0 -2.000  1  539 540   0 543 546   0   0 580 615   0    -3.21261176  0.0  # ddu0d
336   4  0 -2.000  1  541 542 543   0 547   0   0 581 616   0    -3.93615244  0.0  # dd0ud
337   4  0 -2.000  1  544 545 546 547   0   0   0 582 617   0    -1.93825279  0.0  # dd002
338   4  0  0.000  1    0   0 548 549 552 558 568   0 618   0    -2.72469965  0.0  # uud0d
339   4  0  0.000  1    0 548   0 550 553 559 569   0 619   0    -0.78634294  0.0  # u020d
340   4  0  0.000  1  548   0   0 551 554 560 570   0 620   0    -1.01086755  0.0  # 0u20d
341   4  0  0.000  1    0 549 550   0 555 561 571   0 621   0    -2.89889472  0.0  # u0dud
342   4  0  0.000  1  549   0 551   0 556 562 572   0 622   0    -3.12341933  0.0  # 0udud
343   4  0  0.000  1  550 551   0   0 557 563 573   0 623   0    -2.11473300  0.0  # 002ud
344   4  0  0.000  1    0 552 553 555   0 564 574   0 624   0    -1.83066546  0.0  # u0d02
345   4  0  0.000  1  552   0 554 556   0 565 575   0 625   0    -0.19584929  0.0  # 0ud02
346   4  0  0.000  1  553 554   0 557   0 566 576   0 626   0    -0.11683336  0.0  # 00202
347   4  0  0.000  1  555 556 557   0   0 567 577   0 627   0    -2.22938514  0.0  # 00du2
348   4  0 -2.000  1    0 558 559 561 564   0 578   0 628   0    -2.01226298  0.0  # 20d0d
349   4  0 -2.000  1  558   0 560 562 565   0 579   0 629   0    -3.21261177  0.0  # dud0d
350   4  0 -2.000  1  559 560   0 563 566   0 580   0 630   0    -1.58414518  0.0  # d020d
351   4  0 -2.000  1  561 562 563   0 567   0 581   0 631   0    -3.69669696  0.0  # d0dud
352   4  0 -2.000  1  564 565 566 567   0   0 582   0 632   0    -2.31857757  0.0  # d0d02
353   4  0 -2.000  1    0 568 569 571 574 578   0   0 633   0    -3.00601838  0.0  # udd0d
354   4  0 -2.000  1  568   0 570 572 575 579   0   0 634   0    -1.01515821  0.0  # 02d0d
355   4  0 -2.000  1  569 570   0 573 576 580   0   0 635   0    -1.39548297  0.0  # 0d20d
356   4  0 -2.000  1  571 572 573   0 577 581   0   0 636   0    -3.50803475  0.0  # 0ddud
357   4  0 -2.000  1  574 575 576 577   0 582   0   0 637   0    -0.89035484  0.0  # 0dd02
358   4  0 -4.000  1  578 579 580 581 582   0   0   0 638   0    -5.08953497  0.0  # ddd0d
359   4  0  0.000  1    0   0 583 584 587 593 603 618   0   0    -3.44824034  0.0  # uu0dd
360   4  0  0.000  1    0 583   0 585 588 594 604 619   0   0    -2.89889472  0.0  # u0udd
361   4  0  0.000  1  583   0   0 586 589 595 605 620   0   0    -3.12341933  0.0  # 0uudd
362   4  0  0.000  1    0 584 585   0 590 596 606 621   0   0    -2.23342431  0.0  # u002d
363   4  0  0.000  1  584   0 586   0 591 597 607 622   0   0    -2.45794892  0.0  # 0u02d
364   4  0  0.000  1  585 586   0   0 592 598 608 623   0   0    -2.83827368  0.0  # 00u2d
365   4  0  0.000  1    0 587 588 590   0 599 609 624   0   0    -2.55420614  0.0  # u00d2
366   4  0  0.000  1  587   0 589 591   0 600 610 625   0   0    -0.91938997  0.0  # 0u0d2
367   4  0  0.000  1  588 589   0 592   0 601 611 626   0   0    -2.22938514  0.0  # 00ud2
368   4  0  0.000  1  590 591 592   0   0 602 612 627   0   0    -1.56391472  0.0  # 00022
369   4  0 -2.000  1    0 593 594 596 599   0 613 628   0   0    -2.73580366  0.0  # 200dd
370   4  0 -2.000  1  593   0 595 597 600   0 614 629   0   0    -3.93615245  0.0  # du0dd
371   4  0 -2.000  1  594 595   0 598 601   0 615 630   0   0    -3.69669696  0.0  # d0udd
372   4  0 -2.000  1  596 597 598   0 602   0 616 631   0   0    -3.03122655  0.0  # d002d
373   4  0 -2.000  1  599 600 601 602   0   0 617 632   0   0    -3.04211825  0.0  # d00d2
374   4  0 -2.000  1    0 603 604 606 609 613   0 633   0   0    -3.72955906  0.0  # ud0dd
375   4  0 -2.000  1  603   0 605 607 610 614   0 634   0   0    -1.73869889  0.0  # 020dd
376   4  0 -2.000  1  604 605   0 608 611 615   0 635   0   0    -3.50803475  0.0  # 0dudd
377   4  0 -2.000  1  606 607 608   0 612 616   0 636   0   0    -2.84256434  0.0  # 0d02d
378   4  0 -2.000  1  609 610 611 612   0 617   0 637   0   0    -1.61389552  0.0  # 0d0d2
379   4  0 -4.000  1  613 614 615 616 617   0   0 638   0   0    -5.81307565  0.0  # dd0dd
380   4  0 -2.000  1    0 618 619 621 624 628 633   0   0   0    -3.79999370  0.0  # u0ddd
381   4  0 -2.000  1  618   0 620 622 625 629 634   0   0   0    -3.81792488  0.0  # 0uddd
382   4  0 -2.000  1  619 620   0 623 626 630 635   0   0   0    -2.80923855  0.0  # 002dd
383   4  0 -2.000  1  621 622 623   0 627 631 636   0   0   0    -3.53277923  0.0  # 00d2d
384   4  0 -2.000  1  624 625 626 627   0 632 637   0   0   0    -2.92389068  0.0  # 00dd2
385   4  0 -4.000  1  628 629 630 631 632   0 638   0   0   0    -5.57362017  0.0  # d0ddd
386   4  0 -4.000  1  633 634 635 636 637 638   0   0   0   0    -5.59155139  0.0  # 0dddd
387   5  0  5.000  1    0   0   0   0   0 639 640 646 667 723    -9.19155158  0.0  # uuuuu
388   5  0  3.000  1    0   0   0   0 639   0 641 647 668 724    -5.13139057  0.0  # 2uuu0
389   5  0  3.000  1    0   0   0 639   0   0 642 648 669 725    -5.14228225  0.0  # 2uu0u
390   5  0  3.000  1    0   0 639   0   0   0 643 649 670 726    -5.86582293  0.0  # 2u0uu
391   5  0  3.000  1    0 639   0   0   0   0 644 650 671 727    -5.00658720  0.0  # 20uuu
392   5  0  3.000  1  639   0   0   0   0   0 645 651 672 728    -6.62012288  0.0  # duuuu
393   5  0  3.000  1    0   0   0   0 640 641   0 652 673 729    -5.97569537  0.0  # u2uu0
394   5  0  3.000  1    0   0   0 640   0 642   0 653 674 730    -4.74702654  0.0  # u2u0u
395   5  0  3.000  1    0   0 640   0   0 643   0 654 675 731    -5.47056722  0.0  # u20uu
396   5  0  3.000  1    0 640   0   0   0 644   0 655 676 732    -6.62012283  0.0  # uduuu
397   5  0  3.000  1  640   0   0   0   0 645   0 656 677 733    -5.04244955  0.0  # 02uuu
398   5  0  1.000  1    0   0   0 641 642   0   0 657 678 734    -3.41873383  0.0  # 22u00
399   5  0  1.000  1    0   0 641   0 643   0   0 658 679 735    -4.14227451  0.0  # 220u0
400   5  0  1.000  1    0 641   0   0 644   0   0 659 680 736    -3.74237947  0.0  # 2duu0
401   5  0  1.000  1  641   0   0   0 645   0   0 660 681 737    -4.99987114  0.0  # d2uu0
402   5  0  1.000  1    0   0 642 643   0   0   0 661 682 738    -3.53338593  0.0  # 2200u
403   5  0  1.000  1    0 642   0 644   0   0   0 662 683 739    -4.06316129  0.0  # 2du0u
404   5  0  1.000  1  642   0   0 645   0   0   0 663 684 740    -3.46131218  0.0  # d2u0u
405   5  0  1.000  1    0 643 644   0   0   0   0 664 685 741    -4.78670197  0.0  # 2d0uu
406   5  0  1.000  1  643   0 645   0   0   0   0 665 686 742    -4.18485287  0.0  # d20uu
407   5  0  1.000  1  644 645   0   0   0   0   0 666 687 743    -5.64429860  0.0  # dduuu
408   5  0  3.000  1    0   0   0   0 646 647 652   0 688 744    -5.11645961  0.0  # uu2u0
409   5  0  3.000  1    0   0   0 646   0 648 653   0 689 745    -4.50757104  0.0  # uu20u
410   5  0  3.000  1    0   0 646   0   0 649 654   0 690 746    -6.62012282  0.0  # uuduu
411   5  0  3.000  1    0 646   0   0   0 650 655   0 691 747    -4.99165624  0.0  # u02uu
412   5  0  3.000  1  646   0   0   0   0 651 656   0 692 748    -5.42277431  0.0  # 0u2uu
413   5  0  1.000  1    0   0   0 647 648   0 657   0 693 749    -1.62982769  0.0  # 2u200
414   5  0  1.000  1    0   0 647   0 649   0 658   0 694 750    -3.74237947  0.0  # 2udu0
415   5  0  1.000  1    0 647   0   0 650   0 659   0 695 751    -0.56446223  0.0  # 202u0
416   5  0  1.000  1  647   0   0   0 651   0 660   0 696 752    -3.83074526  0.0  # du2u0
417   5  0  1.000  1    0   0 648 649   0   0 661   0 697 753    -3.75327115  0.0  # 2ud0u
418   5  0  1.000  1    0 648   0 650   0   0 662   0 698 754    -1.50502432  0.0  # 2020u
419   5  0  1.000  1  648   0   0 651   0   0 663   0 699 755    -2.91196656  0.0  # du20u
420   5  0  1.000  1    0 649 650   0   0   0 664   0 700 756    -3.61757610  0.0  # 20duu
421   5  0  1.000  1  649   0 651   0   0   0 665   0 701 757    -5.02451834  0.0  # duduu
422   5  0  1.000  1  650 651   0   0   0   0 666   0 702 758    -3.70594189  0.0  # d02uu
423   5  0  1.000  1    0   0   0 652 653 657   0   0 703 759    -2.68072593  0.0  # u2200
424   5  0  1.000  1    0   0 652   0 654 658   0   0 704 760    -4.79327771  0.0  # u2du0
425   5  0  1.000  1    0 652   0   0 655 659   0   0 705 761    -3.62415182  0.0  # ud2u0
426   5  0  1.000  1  652   0   0   0 656 660   0   0 706 762    -3.69922589  0.0  # 022u0
427   5  0  1.000  1    0   0 653 654   0 661   0   0 707 763    -3.56460887  0.0  # u2d0u
428   5  0  1.000  1    0 653   0 655   0 662   0   0 708 764    -3.32515339  0.0  # ud20u
429   5  0  1.000  1  653   0   0 656   0 663   0   0 709 765    -1.54088667  0.0  # 0220u
430   5  0  1.000  1    0 654 655   0   0 664   0   0 710 766    -5.43770517  0.0  # udduu
431   5  0  1.000  1  654   0 656   0   0 665   0   0 711 767    -3.65343845  0.0  # 02duu
432   5  0  1.000  1  655 656   0   0   0 666   0   0 712 768    -4.34365335  0.0  # 0d2uu
433   5  0 -1.000  1    0   0 657 658 661   0   0   0 713 769    -3.41873383  0.0  # 22d00
434   5  0 -1.000  1    0 657   0 659 662   0   0   0 714 770    -1.62982769  0.0  # 2d200
